{
  "asset": {
    "version": "2.0",
    "generator": "THREE.GLTFExporter"
  },
  "scenes": [
    {
      "nodes": [
        0
      ]
    }
  ],
  "scene": 0,
  "nodes": [
    {
      "children": [
        56
      ],
      "matrix": [
        0.01,
        0,
        0,
        0,
        0,
        0.01,
        0,
        0,
        0,
        0,
        0.01,
        0,
        0,
        0,
        0,
        1
      ]
    },
    {
      "matrix": [
        0.059721304103258564,
        0.30928632043321197,
        -0.9490918489951805,
        0,
        0.981863006173305,
        -0.1895917643472953,
        0,
        0,
        -0.17993999817863304,
        -0.9318781759889884,
        -0.3149994637628918,
        0,
        0,
        0,
        0,
        1
      ],
      "name": "Directional Light 3",
      "extensions": {
        "KHR_lights_punctual": {
          "light": 0
        }
      }
    },
    {
      "matrix": [
        0.6249196646576244,
        0.34754873768199473,
        0.6990602890022107,
        0,
        0.48603950614361224,
        -0.8739368389464273,
        0,
        0,
        0.610934539203568,
        0.33977091763124534,
        -0.7150627331501381,
        0,
        0,
        0,
        0,
        1
      ],
      "name": "Directional Light 2",
      "extensions": {
        "KHR_lights_punctual": {
          "light": 1
        }
      }
    },
    {
      "matrix": [
        0.4568278857012632,
        0.5501118024418851,
        -0.6990602890022105,
        0,
        -0.769319637199413,
        0.6388640667774043,
        0,
        0,
        0.44660449915453976,
        0.5378008079156974,
        0.7150627331501384,
        0,
        0,
        0,
        0,
        1
      ],
      "name": "Directional Light",
      "extensions": {
        "KHR_lights_punctual": {
          "light": 2
        }
      }
    },
    {
      "matrix": [
        -0.27017338292702897,
        0.9628116862386771,
        0,
        0,
        -0.9628116862386771,
        -0.27017338292702897,
        0,
        0,
        0,
        0,
        1,
        0,
        -102.94647727414986,
        -74.5361071539341,
        137.53842175930822,
        1
      ],
      "name": "Lights",
      "children": [
        1,
        2,
        3
      ]
    },
    {
      "matrix": [
        1,
        0,
        0,
        0,
        0,
        1,
        -5.684341886080802e-17,
        0,
        0,
        5.684341886080802e-17,
        1,
        0,
        -18.161382251373624,
        189.78756399364124,
        1034.4335868979497,
        1
      ],
      "name": "Personal Camera",
      "camera": 0
    },
    {
      "matrix": [
        1,
        0,
        0,
        0,
        0,
        1,
        0,
        0,
        0,
        0,
        1,
        0,
        0,
        1,
        0,
        1
      ],
      "name": "Default Ambient Light"
    },
    {
      "matrix": [
        1,
        0,
        0,
        0,
        0,
        1,
        0,
        0,
        0,
        0,
        1,
        0,
        -20.437148135277948,
        -100.59933156262589,
        -1.5283399646449354,
        1
      ],
      "mesh": 0
    },
    {
      "matrix": [
        2.220446049250313e-16,
        -1,
        0,
        0,
        1,
        2.220446049250313e-16,
        0,
        0,
        0,
        0,
        1,
        0,
        3.552713678800501e-15,
        0,
        -3.1884453422049432,
        1
      ],
      "mesh": 1
    },
    {
      "matrix": [
        1,
        0,
        0,
        0,
        0,
        1,
        0,
        0,
        0,
        0,
        1,
        0,
        0.9039782746203429,
        90.39666098998833,
        -1.0892247008372067,
        1
      ],
      "mesh": 2
    },
    {
      "matrix": [
        0.8283451415599976,
        0.5490568388852151,
        0.11126955615676058,
        0,
        -0.5379336247173292,
        0.7240864570047996,
        0.43165520752182757,
        0,
        0.15643446504023084,
        -0.417415129643873,
        0.8951496342466803,
        0,
        0,
        227,
        0,
        1
      ],
      "children": [
        7,
        8,
        9
      ]
    },
    {
      "matrix": [
        1,
        0,
        0,
        0,
        0,
        1,
        0,
        0,
        0,
        0,
        1,
        0,
        -20.437148135277948,
        -100.59933156262589,
        -1.5283399646449354,
        1
      ],
      "mesh": 0
    },
    {
      "matrix": [
        2.220446049250313e-16,
        -1,
        0,
        0,
        1,
        2.220446049250313e-16,
        0,
        0,
        0,
        0,
        1,
        0,
        3.552713678800501e-15,
        0,
        -3.1884453422049432,
        1
      ],
      "mesh": 1
    },
    {
      "matrix": [
        1,
        0,
        0,
        0,
        0,
        1,
        0,
        0,
        0,
        0,
        1,
        0,
        0.9039782746203429,
        90.39666098998833,
        -1.0892247008372067,
        1
      ],
      "mesh": 2
    },
    {
      "matrix": [
        0.8610513009208602,
        0.5016263313684979,
        0.08343668773552798,
        0,
        -0.48385836288119566,
        0.7577173834763002,
        0.43788748720163095,
        0,
        0.15643446504023084,
        -0.41741512964387295,
        0.8951496342466803,
        0,
        14.51704352528994,
        226.53532935788368,
        0,
        1
      ],
      "children": [
        11,
        12,
        13
      ]
    },
    {
      "matrix": [
        1,
        0,
        0,
        0,
        0,
        1,
        0,
        0,
        0,
        0,
        1,
        0,
        -20.437148135277948,
        -100.59933156262589,
        -1.5283399646449354,
        1
      ],
      "mesh": 0
    },
    {
      "matrix": [
        2.220446049250313e-16,
        -1,
        0,
        0,
        1,
        2.220446049250313e-16,
        0,
        0,
        0,
        0,
        1,
        0,
        3.552713678800501e-15,
        0,
        -3.1884453422049432,
        1
      ],
      "mesh": 1
    },
    {
      "matrix": [
        1,
        0,
        0,
        0,
        0,
        1,
        0,
        0,
        0,
        0,
        1,
        0,
        0.9039782746203429,
        90.39666098998833,
        -1.0892247008372067,
        1
      ],
      "mesh": 2
    },
    {
      "matrix": [
        0.8902323037980756,
        0.45214215839363575,
        0.055262228307545375,
        0,
        -0.427802177906971,
        0.7882462040172049,
        0.4423270491734812,
        0,
        0.15643446504023087,
        -0.41741512964387306,
        0.8951496342466803,
        0,
        28.974654064354972,
        225.14321979986642,
        0,
        1
      ],
      "children": [
        15,
        16,
        17
      ]
    },
    {
      "matrix": [
        1,
        0,
        0,
        0,
        0,
        1,
        0,
        0,
        0,
        0,
        1,
        0,
        -20.437148135277948,
        -100.59933156262589,
        -1.5283399646449354,
        1
      ],
      "mesh": 0
    },
    {
      "matrix": [
        2.220446049250313e-16,
        -1,
        0,
        0,
        1,
        2.220446049250313e-16,
        0,
        0,
        0,
        0,
        1,
        0,
        3.552713678800501e-15,
        0,
        -3.1884453422049432,
        1
      ],
      "mesh": 1
    },
    {
      "matrix": [
        1,
        0,
        0,
        0,
        0,
        1,
        0,
        0,
        0,
        0,
        1,
        0,
        0.9039782746203429,
        90.39666098998833,
        -1.0892247008372067,
        1
      ],
      "mesh": 2
    },
    {
      "matrix": [
        0.9157686827436737,
        0.40080690888072407,
        0.026861524517338642,
        0,
        -0.3699945646269596,
        0.8155479331945288,
        0.444955717806434,
        0,
        0.15643446504023087,
        -0.417415129643873,
        0.8951496342466803,
        0,
        43.31364195047567,
        222.82937064261975,
        0,
        1
      ],
      "children": [
        19,
        20,
        21
      ]
    },
    {
      "matrix": [
        1,
        0,
        0,
        0,
        0,
        1,
        0,
        0,
        0,
        0,
        1,
        0,
        -20.437148135277948,
        -100.59933156262589,
        -1.5283399646449354,
        1
      ],
      "mesh": 0
    },
    {
      "matrix": [
        2.220446049250313e-16,
        -1,
        0,
        0,
        1,
        2.220446049250313e-16,
        0,
        0,
        0,
        0,
        1,
        0,
        3.552713678800501e-15,
        0,
        -3.1884453422049432,
        1
      ],
      "mesh": 1
    },
    {
      "matrix": [
        1,
        0,
        0,
        0,
        0,
        1,
        0,
        0,
        0,
        0,
        1,
        0,
        0.9039782746203429,
        90.39666098998833,
        -1.0892247008372067,
        1
      ],
      "mesh": 2
    },
    {
      "matrix": [
        0.9375558914527916,
        0.3478307500839861,
        -0.0016491507428742502,
        0,
        -0.3106721882462895,
        0.839510797334019,
        0.4457627312930746,
        0,
        0.15643446504023087,
        -0.417415129643873,
        0.8951496342466803,
        0,
        57.475303159789995,
        219.6032548180701,
        0,
        1
      ],
      "children": [
        23,
        24,
        25
      ]
    },
    {
      "matrix": [
        1,
        0,
        0,
        0,
        0,
        1,
        0,
        0,
        0,
        0,
        1,
        0,
        -20.437148135277948,
        -100.59933156262589,
        -1.5283399646449354,
        1
      ],
      "mesh": 0
    },
    {
      "matrix": [
        2.220446049250313e-16,
        -1,
        0,
        0,
        1,
        2.220446049250313e-16,
        0,
        0,
        0,
        0,
        1,
        0,
        3.552713678800501e-15,
        0,
        -3.1884453422049432,
        1
      ],
      "mesh": 1
    },
    {
      "matrix": [
        1,
        0,
        0,
        0,
        0,
        1,
        0,
        0,
        0,
        0,
        1,
        0,
        0.9039782746203429,
        90.39666098998833,
        -1.0892247008372067,
        1
      ],
      "mesh": 2
    },
    {
      "matrix": [
        0.955504732777757,
        0.29343056716399435,
        -0.030153074356085913,
        0,
        -0.2500779154321386,
        0.8600366921231938,
        0.44474478570851267,
        0,
        0.15643446504023084,
        -0.417415129643873,
        0.8951496342466803,
        0,
        71.40165964641629,
        215.47808009107868,
        0,
        1
      ],
      "children": [
        27,
        28,
        29
      ]
    },
    {
      "matrix": [
        1,
        0,
        0,
        0,
        0,
        1,
        0,
        0,
        0,
        0,
        1,
        0,
        -20.437148135277948,
        -100.59933156262589,
        -1.5283399646449354,
        1
      ],
      "mesh": 0
    },
    {
      "matrix": [
        2.220446049250313e-16,
        -1,
        0,
        0,
        1,
        2.220446049250313e-16,
        0,
        0,
        0,
        0,
        1,
        0,
        3.552713678800501e-15,
        0,
        -3.1884453422049432,
        1
      ],
      "mesh": 1
    },
    {
      "matrix": [
        1,
        0,
        0,
        0,
        0,
        1,
        0,
        0,
        0,
        0,
        1,
        0,
        0.9039782746203429,
        90.39666098998833,
        -1.0892247008372067,
        1
      ],
      "mesh": 2
    },
    {
      "matrix": [
        0.969541723902502,
        0.23782907525668412,
        -0.05853355084662955,
        0,
        -0.1884598200140849,
        0.8770415842518182,
        0.44190604853669924,
        0,
        0.1564344650402309,
        -0.41741512964387306,
        0.8951496342466803,
        0,
        85.03569670541202,
        210.47073498666074,
        0,
        1
      ],
      "children": [
        31,
        32,
        33
      ]
    },
    {
      "matrix": [
        1,
        0,
        0,
        0,
        0,
        1,
        0,
        0,
        0,
        0,
        1,
        0,
        -20.437148135277948,
        -100.59933156262589,
        -1.5283399646449354,
        1
      ],
      "mesh": 0
    },
    {
      "matrix": [
        2.220446049250313e-16,
        -1,
        0,
        0,
        1,
        2.220446049250313e-16,
        0,
        0,
        0,
        0,
        1,
        0,
        3.552713678800501e-15,
        0,
        -3.1884453422049432,
        1
      ],
      "mesh": 1
    },
    {
      "matrix": [
        1,
        0,
        0,
        0,
        0,
        1,
        0,
        0,
        0,
        0,
        1,
        0,
        0.9039782746203429,
        90.39666098998833,
        -1.0892247008372067,
        1
      ],
      "mesh": 2
    },
    {
      "matrix": [
        0.9796093971822749,
        0.18125390767436542,
        -0.0866743901331445,
        0,
        -0.12607016736625962,
        0.8904558554454911,
        0.4372581416086863,
        0,
        0.15643446504023084,
        -0.417415129643873,
        0.8951496342466803,
        0,
        98.32159639180061,
        204.60171964811994,
        0,
        1
      ],
      "children": [
        35,
        36,
        37
      ]
    },
    {
      "matrix": [
        1,
        0,
        0,
        0,
        0,
        1,
        0,
        0,
        0,
        0,
        1,
        0,
        -20.437148135277948,
        -100.59933156262589,
        -1.5283399646449354,
        1
      ],
      "mesh": 0
    },
    {
      "matrix": [
        2.220446049250313e-16,
        -1,
        0,
        0,
        1,
        2.220446049250313e-16,
        0,
        0,
        0,
        0,
        1,
        0,
        3.552713678800501e-15,
        0,
        -3.1884453422049432,
        1
      ],
      "mesh": 1
    },
    {
      "matrix": [
        1,
        0,
        0,
        0,
        0,
        1,
        0,
        0,
        0,
        0,
        1,
        0,
        0.9039782746203429,
        90.39666098998833,
        -1.0892247008372067,
        1
      ],
      "mesh": 2
    },
    {
      "matrix": [
        0.9856665354170093,
        0.12393668397164906,
        -0.1144603832124506,
        0,
        -0.06316438162925558,
        0.9002245874838679,
        0.43082009352268325,
        0,
        0.15643446504023087,
        -0.41741512964387306,
        0.8951496342466803,
        0,
        111.20496604004576,
        197.89506190916504,
        0,
        1
      ],
      "children": [
        39,
        40,
        41
      ]
    },
    {
      "matrix": [
        1,
        0,
        0,
        0,
        0,
        1,
        0,
        0,
        0,
        0,
        1,
        0,
        -20.437148135277948,
        -100.59933156262589,
        -1.5283399646449354,
        1
      ],
      "mesh": 0
    },
    {
      "matrix": [
        2.220446049250313e-16,
        -1,
        0,
        0,
        1,
        2.220446049250313e-16,
        0,
        0,
        0,
        0,
        1,
        0,
        3.552713678800501e-15,
        0,
        -3.1884453422049432,
        1
      ],
      "mesh": 1
    },
    {
      "matrix": [
        1,
        0,
        0,
        0,
        0,
        1,
        0,
        0,
        0,
        0,
        1,
        0,
        0.9039782746203429,
        90.39666098998833,
        -1.0892247008372067,
        1
      ],
      "mesh": 2
    },
    {
      "matrix": [
        0.9876883405951378,
        0.06611206169163868,
        -0.14177777382687376,
        0,
        -1.1102230246251565e-16,
        0.9063077870366499,
        0.42261826174069944,
        0,
        0.15643446504023087,
        -0.417415129643873,
        0.8951496342466803,
        0,
        123.63306094841114,
        190.37821892361126,
        0,
        1
      ],
      "children": [
        43,
        44,
        45
      ]
    },
    {
      "matrix": [
        1,
        0,
        0,
        0,
        0,
        1,
        0,
        0,
        0,
        0,
        1,
        0,
        -20.437148135277948,
        -100.59933156262589,
        -1.5283399646449354,
        1
      ],
      "mesh": 0
    },
    {
      "matrix": [
        2.220446049250313e-16,
        -1,
        0,
        0,
        1,
        2.220446049250313e-16,
        0,
        0,
        0,
        0,
        1,
        0,
        3.552713678800501e-15,
        0,
        -3.1884453422049432,
        1
      ],
      "mesh": 1
    },
    {
      "matrix": [
        1,
        0,
        0,
        0,
        0,
        1,
        0,
        0,
        0,
        0,
        1,
        0,
        0.9039782746203429,
        90.39666098998833,
        -1.0892247008372067,
        1
      ],
      "mesh": 2
    },
    {
      "matrix": [
        0.9856665354170093,
        0.008016775674554319,
        -0.16851472418401106,
        0,
        0.06316438162925549,
        0.9086805493968563,
        0.4126862246807146,
        0,
        0.15643446504023087,
        -0.41741512964387306,
        0.8951496342466803,
        0,
        135.55500031653244,
        182.08196475539495,
        0,
        1
      ],
      "children": [
        47,
        48,
        49
      ]
    },
    {
      "matrix": [
        1,
        0,
        0,
        0,
        0,
        1,
        0,
        0,
        0,
        0,
        1,
        0,
        -20.437148135277948,
        -100.59933156262589,
        -1.5283399646449354,
        1
      ],
      "mesh": 0
    },
    {
      "matrix": [
        2.220446049250313e-16,
        -1,
        0,
        0,
        1,
        2.220446049250313e-16,
        0,
        0,
        0,
        0,
        1,
        0,
        3.552713678800501e-15,
        0,
        -3.1884453422049432,
        1
      ],
      "mesh": 1
    },
    {
      "matrix": [
        1,
        0,
        0,
        0,
        0,
        1,
        0,
        0,
        0,
        0,
        1,
        0,
        0.9039782746203429,
        90.39666098998833,
        -1.0892247008372067,
        1
      ],
      "mesh": 2
    },
    {
      "matrix": [
        0.9796093971822749,
        -0.05011133113812826,
        -0.19456177282227044,
        0,
        0.12607016736625956,
        0.9073331604410552,
        0.40106464424614857,
        0,
        0.15643446504023084,
        -0.417415129643873,
        0.8951496342466803,
        0,
        146.92197555215014,
        173.04026438911086,
        0,
        1
      ],
      "children": [
        51,
        52,
        53
      ]
    },
    {
      "matrix": [
        0.9506712136573878,
        0.25873899734925265,
        -0.171109248066528,
        0,
        -0.30999281956932223,
        0.7722541847839404,
        -0.5545520046840994,
        0,
        -0.011344396795372316,
        0.5802392655916998,
        0.8143670544213795,
        0,
        -19.492458171880937,
        33.816430956572276,
        11.131883789535749,
        1
      ],
      "children": [
        10,
        14,
        18,
        22,
        26,
        30,
        34,
        38,
        42,
        46,
        50,
        54
      ]
    },
    {
      "name": "Cards",
      "children": [
        4,
        5,
        6,
        55
      ]
    }
  ],
  "extensions": {
    "KHR_lights_punctual": {
      "lights": [
        {
          "name": "Directional Light 3",
          "color": [
            0.16078431372549018,
            0.6980392156862745,
            0.604556862745098
          ],
          "intensity": 5.032,
          "type": "directional"
        },
        {
          "name": "Directional Light 2",
          "color": [
            0.6980392156862745,
            0.16078431372549018,
            0.16078431372549018
          ],
          "intensity": 5.032,
          "type": "directional"
        },
        {
          "name": "Directional Light",
          "color": [
            0.19571457719360977,
            0.46508714306111554,
            0.796992626005006
          ],
          "intensity": 1.906,
          "type": "directional"
        }
      ]
    }
  },
  "cameras": [
    {
      "type": "orthographic",
      "orthographic": {
        "xmag": 7.857521044190884,
        "ymag": 3.4315267685177377,
        "zfar": 100000,
        "znear": 0
      },
      "name": "Camera"
    }
  ],
  "bufferViews": [
    {
      "buffer": 0,
      "byteOffset": 0,
      "byteLength": 11160,
      "target": 34962,
      "byteStride": 12
    },
    {
      "buffer": 0,
      "byteOffset": 11160,
      "byteLength": 11160,
      "target": 34962,
      "byteStride": 12
    },
    {
      "buffer": 0,
      "byteOffset": 22320,
      "byteLength": 7440,
      "target": 34962,
      "byteStride": 8
    },
    {
      "buffer": 0,
      "byteOffset": 29760,
      "byteLength": 4728,
      "target": 34963
    },
    {
      "buffer": 0,
      "byteOffset": 34488,
      "byteLength": 10416,
      "target": 34962,
      "byteStride": 12
    },
    {
      "buffer": 0,
      "byteOffset": 44904,
      "byteLength": 10416,
      "target": 34962,
      "byteStride": 12
    },
    {
      "buffer": 0,
      "byteOffset": 55320,
      "byteLength": 6944,
      "target": 34962,
      "byteStride": 8
    },
    {
      "buffer": 0,
      "byteOffset": 62264,
      "byteLength": 15792,
      "target": 34963
    },
    {
      "buffer": 0,
      "byteOffset": 78056,
      "byteLength": 48,
      "target": 34962,
      "byteStride": 12
    },
    {
      "buffer": 0,
      "byteOffset": 78104,
      "byteLength": 48,
      "target": 34962,
      "byteStride": 12
    },
    {
      "buffer": 0,
      "byteOffset": 78152,
      "byteLength": 32,
      "target": 34962,
      "byteStride": 8
    },
    {
      "buffer": 0,
      "byteOffset": 78184,
      "byteLength": 24,
      "target": 34963
    }
  ],
  "buffers": [
    {
      "byteLength": 78208,
